001  　潮風と、人の流れが交差する。昼時を前にした芦原に駆け込むその多くは旅人で、山道を抜けてきたとは思えない急ぎ足だ。あるいはそれは、浮足立っていると言うべきかもしれない。
002 
003 　慌てて宿を探しに奔走する彼らを尻目に、提灯を飾ったり店先に出店を設ける姿が目抜き通りにずらりと並ぶ。磯の香りに混ざって既に食べ物の香しさがあたりに漂っており、気の早い者たちは酒壺を携えての食道楽に精を出している。
004 
005 
006 
007 
008 
009 
010 
011 
012 「お嬢さん、どうだい！　こんな立派な姿焼き、他じゃ食べられないよ！」
013 
014 
015 
016 
017 　そんな中、悠然と通りを歩む少女は、客引きに軽く微笑んで返して見せる。
018 
019 　妻折笠を目深に被ったその旅人の目元こそ見えないが、首を動かしてこの賑やかな町並みを眺める様は、いかにも物珍しらしげだ。大きな鍋で仕込まれる汁物から素朴な串団子、果てはありふれた蕎麦打ちまで、時折歩幅を狭めては眺めている。
020 
021 
022 
023 
024 　知らない祭に、それも祭が組み上がっていく光景に迷い込んだこの出会いを、目に焼き付けようとしているのだろうか。
025 
026 　一足先に羽目を外す他の旅人とは違い、彼女の足取りに羽が生えて飛んでいくということはない。けれど、一筋の灰の差した長い黒髪は、背中でどこか楽しそうに揺れており、口元には隠しきれない高揚が滲んでいる。
027 
028 
029 
030 
031 　そうして少女が、閉めた店先でせっせと小魚に串を打つ小僧を、少し屈んでまで興味深そうに眺めていると、
032 
033 
034 
035 
036 「あ、あの！」
037 
038 
039 
040 
041 　背後からの声は、最初女の耳を素通りしていた。気付いた小僧が女とその背後を困ったように見比べたところで、咳払いを一つ、ようやく振り向いた。
042 
043 　そこに居たのは、吸い込まれるような夜天の髪を持つ、儚げな雰囲気を纏った少女だ。
044 
045 
046 
047 
048 　小僧はお目にかかったことがないようだが、彼女はメガミの一柱、名をヤツハ。
049 
050 　ヤツハは偶然の邂逅に驚いて、思わず声をかけたようだった。その両手は、串焼きの魚やらきゅうりやら、出店の品と思しきたくさんの食べ物で塞がっていた。一人で持つには多すぎるし、断りきれずに押し付けられたといったところだろう。
051 
052 
053 
054 
055 「おや、奇遇ですね」
056 
057 「あぁ、やっぱり！　ヲウ――」
058 
059 「しーっ」
060 
061 
062 
063 
064 　そっと、ヤツハの口元を旅人が立てた人差し指が塞いだ。
065 
066 　実際に指と唇が触れることはなかったが、ヤツハは驚きに言葉を飲み込み、そして意図を理解して慌てて辺りを見渡す。通りは大声でなければ会話が耳に入ることはない騒がしさで、間近の小僧がきょとんとするだけだった。
067 
068 
069 
070 
071 　ヤツハは小僧に会釈してから、ばつが悪そうに旅人の少女へと小さく頷いた。口を塞いだ指は今度は少女の口元に運ばれていて、答えの代わりにヤツハにだけ少し顔を見せてやった。
072 
073 　それから、色々言いたげながらもどう切り出していいか、迷ってしまったヤツハに、旅人はくすりと笑う。
074 
075 　そして、ヤツハの抱える大量の食べ物を指して、苦笑いと共に助け舟を出した。
076 
077 
078 
079 
080 「少し、お手伝いしましょうか？」
081 
082 
083 
084 
085 
086 
087 
088 
089 
090 
091 
092 
093 
094 
095 
096 　喧騒に満ちる街中をしばし食べ歩き、漁もとうに終わった砂浜には、しかし少なくない熱気があった。燭台を並べたり漂流物を拾ったり、祭の前の静かな熱意を人々が醸し出している。
097 
098 　そんな光景を遠くに見ながら、二人は浜の片隅で大きな流木に腰を下ろす。
099 
100 　ちらりと人目を気にしてから笠を脱ぐ旅人の姿に、改めてヤツハは感嘆を見せた。
101 
102 
103 
104 
105 
106 
107 
108 
109 「旅に出た、という話だけは聞いてましたけど……」
110 
111 
112 
113 
114 　それに柔和に微笑み返すのは、メガミ・ヲウカ。
115 
116 　無論、この地に根ざした者ではなく、向こう側の歴史から渡ってきたヲウカである。
117 
118 　誰もがその名を知る少女は、ヤツハの手に残った二本の小さな林檎飴のうち、片方を手に取った。
119 
120 　じっと、輝かしい赤にヲウカの視線が注がれている。
121 
122 
123 
124 
125 「色々と、ありまして。自分を見つめ直す必要がありました。あの戦いは、多かれ少なかれ我々メガミにそれを強いたようで、私も例外ではなかったということです」
126 
127 「確かに、大変だったとホノカさんから少しだけ伺いました」
128 
129 「あぁ……でしたら、私がどういう存在か、ご存知でしょうか？」
130 
131 
132 
133 
134 　ヤツハは齧っていた林檎飴から口を離し、慎重に頷いた。
135 
136 　主神の再臨だと桜花拝の宮司たちを沸き立たせたこのヲウカだが、その正体はと言えば、向こう側の歴史におけるヲウカの転生体だ。すなわち、待ち望まれたヲウカ本人ではない、ホノカ同様に権威や能力に欠けた存在である。
137 
138 
139 
140 
141 　民にとっては、顔を見ることすら畏れ多いメガミであることには変わらないだろう。しかし、長い歴史の中でこの地に大きな影響を及ぼし続けてきたメガミを直に知る者とあらば、名を借りただけだと冷ややかな目を向けられるのも仕方がない。
142 
143 　元々ヲウカの後継問題で荒れていた桜花拝だが、復興が進むにつれ、思い出したかのように再燃している。
144 
145 
146 
147 
148 　それでも、ヲウカには旅が必要だった。
149 
150 　否、だからこそ、必要なのだ。
151 
152 　欠けているものを探すために。
153 
154 
155 
156 
157 「かのヲウカが望んだ玉座とは如何なるものか、それを継ぐことが何を意味しているのか。もしかしたら、ヲウカの足跡を正しく読み解けば、真に理解できる日は来るかもしれません」
158 
159 
160 
161 
162 　ですが、とヲウカは顔を上げて、ぼんやりと地平の彼方を眺めた。
163 
164 
165 
166 
167 「果たしてそれらが、今日の桜降る代において意義があるか否か――そればかりは、どんな書物にも残されてはいません」
168 
169 「意義……」
170 
171 「まさか、脅威と見做していた存在の類縁と、こうして並んで座る日まで予見できていたとまでは思えません。この地の在り方が変わるのなら、玉座の意味もまた変わる……この今を生きる私がそれを見出だせなければ、ヲウカとして在るに相応しくはないでしょう」
172 
173 
174 
175 
176 　滔々と語るヲウカには、その名の重圧に苦しんでいる様子はない。事態に流されていた渡来の頃からすれば、いっそ憑き物でも落ちたかのようだった。
177 
178 　そして彼女は、空いた手で足元の砂を掴んでから言った。
179 
180 
181 
182 
183 「そのためには、きちんと知らねばならないのですよ。この桜降る代を」
184 
185 
186 
187 
188 　一度固く握ってから手を開くと、乾いた砂はあっけなく手の中から流れ落ちていった。最後に残ったのは湿り気のあった砂だけで、ヲウカは肩を竦めてからそれも大地に還してみせた。
189 
190 　一息ついたヲウカが林檎飴を口に含み、興味深そうに味わう。桜花拝で出されたものとはまた違った庶民の味に、ふんふんと頷いている。
191 
192 
193 
194 
195 　隣のヤツハは、その姿を見て顔を綻ばせた。
196 
197 　何故ならヤツハもまた、旅人だったから。
198 
199 
200 
201 
202 「私にも、桜降る代を知るための日々がありました。右も左も分からなかったときも、迷っていたときも、友達と一緒にだって。今もまだ、行ったことのない場所もあるし、やりたいこともたくさんあるんですよ。ふふっ、困っちゃいますよね」
203 
204 
205 
206 
207 　はにかんだヤツハに、ヲウカも笑い返した。
208 
209 　ただ、そこでヤツハは、何かに得心したように「あっ！」と声を上げると、
210 
211 
212 
213 
214 「やっぱり、お祭りのために芦原までいらしたんですね！？」
215 
216 「え？」
217 
218 
219 
220 
221 　どういうわけか、急に興奮した様子で訊ねるヤツハに、ヲウカは少々困惑の色を見せた。
222 
223 
224 
225 
226 「え、ええ。存じてはいましたが、宮司から伝え聞くばかりで、実際に見たことはありませんでした。確か……年に二度の豊漁祭で、こちらでも有名なのでしたっけ？」
227 
228 
229 
230 
231 　ヲウカの答えに、ヤツハの目が輝いた。
232 
233 　がしっ、とヲウカの手を包むように握る力は、それはもう、強かった。
234 
235 
236 
237 
238 「はい！　是非楽しんでいってください！　海の漢祭を――」
239 
240 
241 
242 
243 
244 
245 
246 
247 
248 
249 
250 　黄昏の海岸。
251 
252 　舞い踊る筋肉。
253 
254 　大地を揺らす雄々しい叫び。
255 
256 
257 
258 
259 「「「ソイヤッ！」」」
260 
261 
262 
263 
264 　鍛え抜かれた身体を披露する褌一丁の漢たちに、老若男女入り混じった歓声が投げかけられる。躍動する肉体は伏せがちな夕日と肌を炙る篝火によって照らし出され、日に焼けた肌がはち切れんばかりの姿勢で彼らは鍛錬の証を見せつける。
265 
266 　浜の砂を震わせるのは、打ち鳴らされる太鼓の音か、はたまた漢たちの肉体美か。風もないのにざわめく海が、人々の熱量を示している。
267 
268 
269 
270 
271 「…………」
272 
273 
274 
275 
276 　ヲウカは、この熱気に満ちた祭を眺めていた。
277 
278 　敷かれた茣蓙で上品に膝を折り、背筋を伸ばして微動だにせず鑑賞している。
279 
280 　その瞳は、漆黒の一色に染まっていた。
281 
282 
283 
284 
285 「ここで此度の祭でも、我らがハツミ様のご登場だァーーーッ！！」
286 
287 
288 
289 
290 　ひときわ大きな声を皮切りに、漢たちも観客も、一度しんと静まり返る。
291 
292 　だが、一瞬鳴りを潜めた太鼓の重低音は、参加者の期待を煽るように徐々に激しさを取り戻していく。
293 
294 　そして、最高潮を迎えたそのとき、筋肉たちの背後に広がっていた海の中から、丸い舞台がせり上がった。
295 
296 
297 
298 
299 
300 
301 
302 
303 　腕を組んで座し、衆目を一手に浴びるのは、深き海の底を思わせる衣装を纏ったハツミ。
304 
305 　ぎゅるぎゅると、舞台を支える四つの絡繰の足が駆動し、浜辺へと――彼女を待ち侘びていた民によく見えるように移動する。
306 
307 　抑えきれない興奮がざわめきを生み、祭の本番へと後押しする。
308 
309 
310 
311 
312 「さぁ、我らが肉林にて、我らが意思と鍛錬を捧げん！」
313 
314 「「「応ッ！！！」」」
315 
316 
317 
318 
319 　先ほどまで人々に肉体美を披露していた漢たちが、ハツミのおわす舞台を取り囲んだ。
320 
321 　螺旋が渦を成し、花開くが如く、思い思いの体勢にて描かれる筋肉が輪になって練り歩く。人々の間のみで一人の代表を決めるという愚を犯さず、ただ信奉するメガミに皆等しく拝謁を賜るための肉体神楽であった。
322 
323 
324 
325 
326 　あまりの感動故か、ハツミの組んだ腕が震えている。民をもっとよく見るために、今すぐこの大仰な椅子から立ち上がりたいと言わんばかりだ。
327 
328 　そして、一周を終えた漢たちが、極めつけの姿勢で雄々しき筋肉を奉納した。
329 
330 　割れんばかりの歓声に、海岸が再び満たされる。
331 
332 
333 
334 
335 「うおおおおぉぉぉ！」
336 
337 「大海原より広い胸板！」
338 
339 「デカすぎて年貢増やされそうだな！」
340 
341 「肩から神座桜生えてんぞ！」
342 
343 
344 
345 
346 　溢れた想いを叫ぶ観客。誰もが目の前の光景に熱中する様に、ヲウカは言葉も出ないのか、口元をひくつかせるばかりだ。
347 
348 　しかし、これだけで肉の宴は終わらない。
349 
350 　ハツミの舞台後方から、扇状の貝殻めいた絡繰が持ち上がり、彼女の背に広がる。すると、そこに放射状に張り巡らされた光源が煌めき、鮮やかな桜と青緑の光が海岸を彩った。舞台上のハツミと、取り囲む筋肉が、より一層美しく照らし出される。
351 
352 
353 
354 
355 　さらなる煌めきに煽り立てられた漢たちは、高みを目指す。
356 
357 　この祭のため――否、ハツミのため、ありったけの力で筋肉を膨れ上がらせ、ここに最高の肉体美を降臨させた。
358 
359 
360 
361 
362 「「「ハァーーー……ソイヤッ！！！」」」
363 
364 
365 
366 
367 　ヲウカは、空いた口が塞がらなかった。
368 
369 　多く観衆がこの衝撃的な祭に熱狂し、地元住民に至っては俳人が寸評を告げるが如く、漢たちの身体を言葉を尽くして褒めそやしてすらいる。旅人までがその輪に加わっていくものだから、厳粛さとは全く無縁の祭事が出来上がっていた。
370 
371 
372 
373 
374 　そして、歓喜する客はヲウカの隣にもいる。
375 
376 　ぱちぱちぱち、と。
377 
378 　ヤツハが、舞台とハツミと漢たちに負けず劣らず、瞳を輝かせていた。
379 
380 
381 
382 
383 「すごいすごい！　こんなに違って見えるんですね！」
384 
385 
386 
387 
388 　桜花拝のどんな書物にも、こんなときに返す言葉は載っていなかった。
389 
390 
391 
392 
393 
394 
395 
396 
397 
398 
399 
400 
401 
402 　祭事という名の筋肉自慢大会が終わると、街に繰り出す者、宿に帰る者、その場で肉体を語り合う者と、人々は三々五々夜の芦原へと散っていく。
403 
404 　そしてここにいるメガミは、余韻に浸る者だった。
405 
406 
407 
408 
409 「どうでしたか、ヲウカさん！」
410 
411 「はっ――」
412 
413 
414 
415 
416 　声をかけられて、ヲウカは筋肉の世界からようやく意識を取り戻した。隣では、ヤツハが今日の星空よりもきらきらと目を輝かせて、ヲウカの感想を待っていた。
417 
418 　いつの間にか、彼女たちの傍にはクルルが得意げな顔で立っていた。どうやらひと仕事終えて感想をヤツハに聞きに来て、そのついでにヲウカに話を振ったところのようだった。
419 
420 
421 
422 
423 「え、ええ、まあその……」
424 
425 「凄かったでしょう……！？」
426 
427 
428 
429 
430 　しどろもどろになるヲウカ。しかし、あまりの内容に絶句していたとはいえ、照りつけるヤツハの純朴さに水を注すわけにはいかなかった。ましてや、一見受け入れ難いものを頭ごなしに否定するなど、彼女の前ではなおさらあってはならないのだから。
431 
432 　時間稼ぎに口元を扇で隠しつつ、平静の仮面の裏で必死に考えを巡らせる。
433 
434 　そうして指針を求めて遊ぶ目は、眩しいヤツハからクルルへと移った。
435 
436 　咄嗟に絞り出した答えを聞こえの良い言葉にするのは、得意だった。
437 
438 
439 
440 
441 「そう、ですね。終盤にありました、絡繰による舞台照明……あれは演目として実に美麗でした。もしや、彼方の枝の技術が用いられているのではありませんか？」
442 
443 「ごめいさぁーつ！　あれにはもうひらめきが止まりませんでなあ！」
444 
445 
446 
447 
448 　この言葉を待っていたとばかりに、腕を組み上体を反らして高らかに笑う。何事かと視線が集まるものの、声の主がクルルと理解した者から、何事もなかったかのように元に戻っていった。
449 
450 
451 
452 
453 「では、あの装置はやはりあなたが」
454 
455 「もちのろん！　……と言いたいとこですが、くるるん作は本体動力とのじょいんとだけなのですよ。なんとなんと今回は、活きの良い若手があいであ炸裂してくれちゃいまして、これが実にあめいじんぐだったわけです！」
456 
457 
458 
459 
460 　クルルは鼻も高々といった様子で、そのまま天に向けて鼻を伸ばしながら、例の発明の思い出の中に浸り始めてしまった。
461 
462 　その様子にヲウカは苦笑いしつつも、辛うじて正気を保てた感覚にほっとする。
463 
464 　そして、もう一つ気になっていた点をヤツハに告げた。
465 
466 
467 
468 
469 「あの舞台装置の光源が持つ直線的な意匠は、徒寄花のものとお見受けしました。それも、桜色の輝きと掛け合わされたあの配置です。神座桜と共にあるという主張には、驚きを禁じえませんでした」
470 
471 
472 
473 
474 　徒神との戦いの傷がまだ癒えきってはいない中で、あの苦境を想起させる表現は実に大胆だった。実際、残った徒寄花の骸晶に過剰反応を示す者たちを、ヲウカは旅の中でしばしば目撃したものだ。
475 
476 　にもかかわらず、この祭は盛り上がる一方であった。
477 
478 
479 
480 
481 「芦原の人々が、まさかこれほど肯定的だとは。例に漏れず、ここも戦場だったという話でしたが」
482 
483 「それは、ハツミさんのおかげなんです」
484 
485 
486 
487 
488 　染み入るように、ヤツハは告げた。
489 
490 　当のハツミは、ミコトたちを先導して仲良く水鏡桜のほうへと泳いでいったきりで、ヤツハの眼差しは夜の海に遠く浮かぶ桜の光へと向けられていた。
491 
492 
493 
494 
495 「ハツミさんはここ三回ほど、徒神の恰好でこのお祭りに参加してくれているんです。私のために、一肌脱ぐって言って」
496 
497 「そういうことでしたか」
498 
499 「祭儀が終わった後も、ああして深く交流する時間を作ってくれてるんです。気が引けますけど、皆さんの肉体美を間近で見れて幸せそうなのが救いでしょうか」
500 
501 「……そういうことでしたか。ま、まあ、趣味は人それぞれですから」
502 
503 
504 
505 
506 　小首を傾げたヤツハの視線を、ヲウカは咳払いでかわす。
507 
508 　また不味い方向に話題が戻らないよう、すぐさま言葉を続けた。
509 
510 
511 
512 
513 「確かにそういった後押しがあれば、昨今の流れを踏まえると、不思議なことではなかったかもしれません。あの方々には本当に頭が上がりませんね」
514 
515 「あぁ！　はい、素敵な人達でした。今は六英雄と呼ばれているんでしたっけ」
516 
517 
518 
519 
520 　昔日を思い出すように、ヤツハはある種の切なさと温かさを滲ませる。
521 
522 　ヲウカは閉じた扇子の先を顎に当てながら、神妙な面持ちで、
523 
524 
525 
526 
527 「あるいは、影見の五英雄だとも聞きます。あの三姉妹を唯一宿し、監視者の役を担った三人と、その険しい道を支える二人のミコトたち……。今後もあの姉妹への警戒を続けるべきなのですが、未だ、お任せするしかないのが歯がゆいところです」
528 
529 「きっと、大丈夫ですよ」
530 
531 
532 
533 
534 　ヤツハの口ぶりは、確信に満ちたものだった。起きた事が事なだけに、多くの者がその保証を求めるのだろうけれど、ヲウカはあえて説明を求めなかった。
535 
536 　どう折り合いをつけていくのが正解かなんて、誰にも分からない。
537 
538 　そもそも、分かり合えるのかどうかすらも分からない。
539 
540 　けれど、そんな相手と向き合うのに、理屈だけでは呑まれてしまう。それが、旅の中でヲウカが痛感した自省の一つであり、偶然にも、ヤツハに体現させられてしまったのだった。
541 
542 
543 
544 
545 　力なく微笑み返すのが、今の精一杯。
546 
547 　真に主神として立つならば、やがてこの問題にも想いを以て応える日が来るだろう。
548 
549 　肩にのしかかる重みが、また増えた気がした。
550 
551 
552 
553 
554 「はぁ……」
555 
556 
557 
558 
559 　訪れた沈黙を汚さないよう、ヲウカはそっとため息をついた。未だ祭の空気色濃い辺りの喧騒を、穏やかに味わう時間がふと現れた。
560 
561 　自身の課題への思索を続ける傍ら、ぼんやりと風景を眺めていると、海岸の片隅に一旦避けられていたあの移動舞台が目に映る。舞台上の御座はもちろん今は空席だが、ほどほどの肉体の男たちが悔しそうに涙を流してそれを見つめていた。
562 
563 
564 
565 
566 　力こぶを作る一人の姿から、祭の情景が蘇ってくる。
567 
568 　どうにか筋肉を極力無視して検めると、参加していた民の表情がヲウカには印象深く残っていた。彼らがハツミに向ける眼差しには、かつて桜花拝の宮司たちが御簾の奥で座すヲウカへ向けていたそれと重なるところがあった。
569 
570 
571 
572 
573 　だが、全く同じとは言えない。何かが違っている。
574 
575 　舞台の上で静かに座したハツミが、人々に向ける視線はどのようなものだったか。
576 
577 　そして、ヤツハはハツミの意図をなんと言っていたか。
578 
579 
580 
581 
582 　はっ、と。
583 
584 　回想が晴れたその先に、ヲウカのよく知る一つの椅子が改めてそこにあった。
585 
586 
587 
588 
589 「あぁ……」
590 
591 
592 
593 
594 　ヲウカが願い、目指した玉座は――
595 
596 　しかし。けれど。
597 
598 
599 
600 
601 　愛ゆえに――かつてそう願ったのだとしても。
602 
603 　それはきっと、未だ恋だった。