001  　晴れ、ときどき歓声。
002 
003 　今日も蒼天の下に神座桜は輝き、剣戟が鳴り響く。
004 
005 　やがてひときわ大きな喝采が、大地を揺らした。
006 
007 
008 
009 
010 「第二試合勝者、風間村の田助ェ！」
011 
012 
013 
014 
015 　宮司が決着を告げる声が、観衆の叫びを押しのけるように広がる。勝敗の分かれたミコトたちを囲むのは、日に焼けていくらもくたびれ始めた木造りの大客席。満員とまではいかぬものの、空席もまばらな大入りである。
016 
017 　随所の壁には、『第百二十八回　天音月例大会』と記された張り紙。
018 
019 　人々は研鑽を積むために、あるいは興奮を求めて、この名高い決闘場へと集っていた。
020 
021 
022 
023 
024 「続いて第三試合！　西方、七ヶ崎の船十郎ォ！」
025 
026 
027 
028 
029 　荒れた地面の整備が終わるやいなや、宮司の呼び出しに応じて現れたのは、顔の下半分を伸びた髭に覆われた男だ。
030 
031 　彼は竹筒から水を口に含むと、空になったそれを背後の入場口へと放り投げた。締まった筋肉質の身体の鈍りを取るように首を鳴らし、四方八方から投げかけられる観客の声に、鼻を鳴らして右の拳を静かに掲げた。
032 
033 
034 
035 
036 　果たして、この強者の気迫漂わせる彼の相手は、と観衆が東方に視線を移したときだった。
037 
038 
039 
040 
041 「え、はぁ？」
042 
043 
044 
045 
046 　呆れの混ざった間の抜けた声は、進行の宮司からだった。眉を寄せて組み合わせが記されていると思しき紙を凝視している。
047 
048 　宮司は衆目を変に集めてしまったことに気づいて咳払いすると、対戦相手の名を呼んだ。
049 
050 
051 
052 
053 「東方、皆大好きメガミマンレディー！」
054 
055 
056 
057 
058 　狼を模した覆面。
059 
060 　白髪と共に背中になびく黒き外套。
061 
062 　動きやすいように下を切り詰めた、舶来のドレスのような華美な水色の服。
063 
064 　露わになった目元と口元に自信を漲らせた女は、決闘の間合いまで歩み寄るなり、相手と同様に拳を突き上げた。
065 
066 　会場の沈黙が、決壊した。
067 
068 
069 
070 
071 「だーっはっはっは！　なんか出てきたぞ！」
072 
073 「おいおい、仮装大会は天龍の十八番じゃなかったのか？」
074 
075 「いいぞー、姉ちゃん！　一回くらいは勝てー！」
076 
077 
078 
079 
080 　儀式としての決闘ならいざしらず、今日はただ腕試しをするだけの場。怒声を投げつけるのは真面目に決闘の学びを得ようとしていた者くらいなもので、ほとんどはさらなる面白さへの期待で占められていた。
081 
082 　何より一番面白がっているのは、向かい合ったミコトの男だろう。
083 
084 
085 
086 
087 「ふははっ、勘弁してくれ。芸人と、しかも女とやるのは初めてだ」
088 
089 「ふふん！　しぃ――じゃなくて、メガミマンレディを舐めてかかると痛い目見るわよ！　でしょ、メガミマンガール！」
090 
091 
092 
093 
094 　彼女が振り返った入場口の脇――見届人用に設けられた簡素な椅子に、同じく奇抜な衣装に身を包んだ小柄な少女が、姿勢正しく座っていた。こちらの覆面は猫だった。
095 
096 　剥き出しになった目に虚無を漂わせ、少女は相方に応えた。
097 
098 
099 
100 
101 「ハイ、そうですね」
102 
103 
104 
105 
106 　絡繰仕掛けのような色のない返事だったが、相手の男にとっては、妙な人間がもう一人居た事実より勝るものではなかった。
107 
108 
109 
110 
111 「くくく、こんな巫山戯た奴がまだ居たとはな。まさかお前も出場してるのか？」
112 
113 「イエイエ、自分は出てませんよ」
114 
115 
116 
117 
118 　手を力なく右へ左へ。メガミマンガールに気づいた観客が無意味な声援を飛ばすたび、彼女の顔から感情がますます失われていく。
119 
120 　それから、宮司が気を取り直して進行が再開し、一度観客も歓声を堪える。
121 
122 　そして、
123 
124 
125 
126 
127 『桜降る代に決闘を！』
128 
129 
130 
131 
132 　宣誓の後、二人の決闘者は互いを喰らい合うように前に出た。
133 
134 　巨大な鋸を手にするメガミマンレディに対し、男は鉄拳を両手に嵌めての超接近戦志向か。髭に埋もれた口元がにやりと笑い、重量感のある身体に似合わぬ速度で距離を詰めていく。
135 
136 
137 
138 
139 　だが、距離の半分が消えようかという瞬間、男は追加で顕現させた櫂を地面に突き立て急停止。両者の間の虚空少し上に、人ひとり呑み込めそうな水球が生まれる。メガミマンレディがこのまま走り続ければ、降りてきた水球と男の鉄拳との挟み撃ちが待っている。
140 
141 　それでも、彼女が外套を翻し前を望み続けた。
142 
143 　地面に映った影が歪み、両者の間を影の茨が走る。
144 
145 　一瞬、影と化したメガミマンレディが、落ちてくる水球を避けつつ懐へ潜り込んだ。
146 
147 
148 
149 
150 「どこだッ、――！？」
151 
152 
153 
154 
155 　驚愕に見開かれる男めがけ、地面の影から再び現れたレディの鋸が、男の腹を両断する軌跡で薙ぎ払われる。
156 
157 　構えていた分、男の鉄拳が咄嗟に鋸を逸らすが、凄まじい膂力に軽々とその腕が弾かれた。
158 
159 　にやりと、覆面から笑い返される。
160 
161 
162 
163 
164 「正解っ！」
165 
166 
167 
168 
169 　乱れ咲く斬撃。千千と砕ける桜花結晶。
170 
171 　肩代わりしきれない衝撃が、男の不動の構えを許さない。
172 
173 　辛うじてひねり出した結晶の盾が役目を果たす前に砕け、彼の瞳に絶望が宿った。
174 
175 　もはや、反撃など望めるわけもなかった。
176 
177 
178 
179 
180 「ごあぁッ……！？」
181 
182 
183 
184 
185 　鋸の峰で思い切り強打され、ボロくずのようになった男が地面を転がった。彼の身体から桜花結晶がにゅっと出てきて、力なくこてんと転がると、砂のように風に流されていった。
186 
187 　あまりにも呆気ない決着。
188 
189 　宮司が勝敗を告げる前に、観衆の大合唱が天音に轟いた。
190 
191 
192 
193 
194 「メガミマンレディ強えぇぇぇーーー！？」
195 
196 
197 
198 
199 
200 
201 
202 
203 
204 
205 
206 
207 
208 　そして、夕焼けの下。
209 
210 　決闘場の中心で衆目を集めるように両腕を掲げる者が一人。
211 
212 　その隣では、彼女の相方が空笑いを漏らしていた。
213 
214 
215 
216 
217 「メガミマンレディ、優勝ォーーーー！！」
218 
219 
220 
221 
222 
223 
224 
225 
226 
227 
228 
229 
230 
231 「もうっ、何してるんですか！」
232 
233 
234 
235 
236 　頬をぷっくり膨らませ、腕を組み詰問するホノカ。正座した二人の下手人を見下ろす姿は、容姿も相まって迫力に欠けている。苦笑いするユリナと無表情で茶を啜るウツロも隣に揃っているとあれば、あまり深刻な空気にならないのも無理はない。
237 
238 
239 
240 
241 　表彰式からそのまま連行されてきた下手人たちは、覆面を脱いだだけの姿だ。
242 
243 　きょとんとホノカを見上げるシスイ。
244 
245 　心を殺して説教を聞いているレンリ。
246 
247 　世を忍ぶ仮の名を取り上げられた二人に、ホノカは上気しながらさらに言い募る。
248 
249 
250 
251 
252 
253 
254 
255 
256 「街じゃもう、正体が誰かだのメガミマンの復活だの大騒ぎになってますっ！　うちに問い合わせが来たらどう答えろと！？　大体なんですか、『皆大好き』メガミマンレディって！　姓の欄は大喜利するところじゃありませんっ！」
257 
258 「だって桑畑とも桜とも書くわけにいかないし、それでもいいよって言われたもの」
259 
260 「後で受付担当に言い聞かせておきますっ！」
261 
262 
263 
264 
265 　身内の不手際に唇を噛み締めるホノカ。
266 
267 　ユリナはそこへ差し込むように、
268 
269 
270 
271 
272 「まあまあ。名前は――さておき、そもそもメガミが出ちゃいけないなんて規則はなかったわけだし」
273 
274 「う……それは、そうですが……にしても、もっとやり方がですねっ！？　ただ決闘したいだけなら、奉納大会あたりの名目で別に開催するほうが穏当でしょう！　その奇天烈な衣装のお披露目に、ミコトの皆さんを巻き込まないでください……」
275 
276 
277 
278 
279 　名状しがたいものを見る目のホノカではあるが、一応上から下までシスイとレンリを改めて眺めている。
280 
281 　シスイはその目をどう解釈したのか、膝立ちになって両腕を広げると、
282 
283 
284 
285 
286 「どう？　カッコよくないかしら？」
287 
288 「……正気ですか？」
289 
290 「自分はやめようって言ったんですよ……」
291 
292 
293 
294 
295 　隣で項垂れるレンリ。共犯者の台詞にしては言い逃れの常套句ではあるが、たとえ嘘のメガミの言だとしても、この萎れ方は信用するしかなかった。
296 
297 　しかし、朴訥とシスイの肩を持つ者が一人だけ。
298 
299 
300 
301 
302 「悪くない、かも……？」
303 
304 「ウツロちゃん！？」
305 
306 
307 
308 
309 　愕然とするホノカと、得意げなシスイ。実際に製作させられたであろうレンリは、喜んでいいのか悲しんでいいのか分からなくなったようで、中身のない微笑みをひとまず顔に貼り付けていた。
310 
311 　淡々としたウツロにお茶のおかわりを注がれ、ホノカが渋々腰を落ち着ける。むくれながらそれに口をつけて、思っていたより熱かったのか、慌てて口を離してはシスイたちに恨めしげな視線を送った。
312 
313 
314 
315 
316 　シスイは立膝で座り直すと、不敵な笑みを浮かべた。
317 
318 　冷めきった湯呑みをホノカに向けて掲げて、シスイは言う。
319 
320 
321 
322 
323 「そんなカリカリして、随分と余裕がなさそうじゃない」
324 
325 「なっ――」
326 
327 
328 
329 
330 　厚かましい物言いに目くじらを立てるホノカだが、シスイは反論が来る前に鋭く二の矢を差し込んだ。
331 
332 
333 
334 
335 「何か焦ってる？」
336 
337 「そ、そんなことはっ……！」
338 
339 「そんなことは？」
340 
341 
342 
343 
344 　催促されても、ホノカは言葉に詰まったままだった。どう説明すればいいのか分からないという以前に、目の前のメガミに話す内容でもないという逡巡が伺える。否定を押し通せなかった時点で、図星なことを白状したようなものだった。
345 
346 　流石に見ていられなかったのか、ユリナが代わりに答えてやった。
347 
348 
349 
350 
351 「そのー、ちょっと身内で色々あったんで、最近忙しいんですよ。そろそろまた蟹河に顔出さなきゃいけませんし」
352 
353 
354 
355 
356 　やんわりと、これ以上の詮索を遠慮する言葉選びだった。
357 
358 　いまいちピンときていないシスイに、レンリが耳打ちする。
359 
360 
361 
362 
363 「きっと、前に言ったヲウカ後継問題ですよ。ヲウカさんの帰還が近いというのは本当だったみたいです。繊細な話題ですからあまり立ち入らないほうが……」
364 
365 「ふーん？」
366 
367 
368 
369 
370 　納得したような納得していないような反応だったが、無理に深入りするつもりまではなかったようで、ふてくされているホノカを一瞥して茶を啜った。
371 
372 　その隙に、ユリナが別の話題を振る。
373 
374 
375 
376 
377 「そうだ。シスイさんは、大家会合の後もまた色々と見て回ってたんですか？」
378 
379 「ん？　ええ。最近はバレると騒ぎになるから、恋ちゃんに変装してもらいながらね。今回のはとっておきだったんだから！」
380 
381 
382 
383 
384 　メガミマンレディの覆面を自慢げに広げるシスイ。もはやホノカは追及するのも馬鹿らしくなってきたようだった。
385 
386 
387 
388 
389 「こっちの歴史も面白いわ。しぃたちとは全然違うもの。櫻力技術がなくて不便そうではあるけど、人同士の喧嘩に使われてないだけ気分もいいし。まあ、領地を気にせず旅するのもこれが初めてだし、全部が新鮮に見えちゃってるのかもしれないけどね」
390 
391 「あの……会合でも言ってましたけど、本当にいいんですか？　戻らなくて」
392 
393 
394 
395 
396 　あまりにシスイが憂いなく話すせいか、話題を振っておきながら、ユリナは思わず訊ねてしまった。
397 
398 　シスイは、彼方の枝のメガミだ。
399 
400 　桜降る代の人々が徒寄花との戦いに奮戦する中、歴史を渡ってまで助力してもらった手前、感謝こそすれ誰も追い出そうなどとは考えていない。
401 
402 　また、こちらの歴史に同じシスイが居ない以上、ハガネのような問題も起きないし、名誉回復にも興味がないと大家の前で宣言している。
403 
404 
405 
406 
407 　しかし、あの戦いから二年。彼女は未だ桜降る代で自由を満喫している。
408 
409 　それはすなわち、彼方の枝から一柱のメガミが消えたということ。桜降る代でそんなことが起きたら大騒ぎになる上、シスイは彼方における最後のメガミでもあり、桜花炉の心臓として人々を支えていたはずだ。
410 
411 
412 
413 
414 　そんな彼女ではあるが、ユリナの問いに胸を張った。
415 
416 　もはや顧みる必要はないのだと言うように、きっぱりと答えた。
417 
418 
419 
420 
421 「向こうはもう、しぃがいなくても大丈夫。しぃも、人として十分に生きたもの」
422 
423 「…………」
424 
425 
426 
427 
428 　真っ直ぐで眩しい答えに、ユリナは静かにはにかむことしかできなかった。仮に古妙たちが異なる実情を口にしたところで、その眩しさは変わらないのだろうと誰もが思った。
429 
430 　もちろん、付随する疑問は各々抱えていたものの、それが声になることはない。
431 
432 　一瞬流れた沈黙を、自分の話を続けていい合図だとシスイが受け取ったからだ。
433 
434 
435 
436 
437 「そんなことより、桜花決闘よ！　お互い傷つけずにあんな真剣勝負ができるなんて、しぃの時代じゃ考えられなかったわ！　素晴らしい文化だと思うの！」
438 
439 「ですよねっ！」
440 
441 
442 
443 
444 　一転して、ユリナが目を輝かせて身を乗り出す。両脇のホノカとウツロは何かを察したように、湯呑み抱えて少しばかり距離を取った。
445 
446 　元々、謎の選手から直接話を聞きたいと言い出したのはユリナだ。
447 
448 　本題に、花が咲かないわけがない。
449 
450 
451 
452 
453 「今日までにも、何度か大会に参加したんですか？」
454 
455 「大会はそれほどだけど、強そうな人を見かけたら手合わせしてもらってたから、決闘自体はもう数え切れないほどね。傷を負わないこと前提の動きが当たり前になってて、全然怯んでくれないから慣れるまで大変だったわ！」
456 
457 「そうなんですよ、上達に必要だってよく言われることの一つですね！　肉を斬らせて骨を断つにも普段と動きが変わりますから、立ち合った皆さんは強者揃いだったんだと思います！」
458 
459 
460 
461 
462 　あっという間に鼻息を荒くするユリナ。その大きな身振りを見たレンリが、納得したように身体を横に傾けると、頭が元あった部分をシスイの手が通り過ぎていった。
463 
464 
465 
466 
467 「あんなの、戦場でもなかなか会えるもんじゃなかったわ！　命を張らなきゃ意地が薄れるはずだけど、それを克服したからこそ常に前のめりなのよね。お家のためでも命のためでもない戦いが当たり前、って時点ですごいことだわ！」
468 
469 「武の比べ合いはもちろんありますけど、やっぱり想いのぶつかり合いですから！」
470 
471 「想い……そうね、ここのみんなの刃が、道理で鋭いわけだわ。己を貫き通すだけの意思を、人が磨くための砥石になっているのかもね」
472 
473 
474 
475 
476 　微笑むシスイの眼差しが、遠くを見つめる。
477 
478 
479 
480 
481 「さぞ、喜んでたでしょうね。斬舞乱武祭を思い出すわ。まさか、誰もが血なくして意思を捧げる日常が来るなんて。あなたも後継としてご満悦じゃない？」
482 
483 「だから、みんなの道に花を添えることで、わたしも応えたいなって」
484 
485 
486 
487 
488 　真摯に、けれど気負った様子もなくユリナは告げた。ある種の達観じみた態度は、在りし日のがむしゃらだった天音揺波とも、新たに桜花決闘の象徴になったばかりのユリナとも全く違っていた。
489 
490 　そしてユリナは、シスイの反応を目で促した。
491 
492 　かの武神に認められた同輩は、いくらか反芻した後に口を開いた。
493 
494 
495 
496 
497 「花……。うん、それが心の花になるんなら、それもいいかもね」
498 
499 
500 
501 
502 　納得したように口端に笑みを浮かべて見せる。それは桜花決闘への盛り上がりからすれば、一本線を引いたような語気だった。しかし、それでも否定の色はなく、まるで心に根ざした斬華一閃の閃きを称えたかのようだった。
503 
504 
505 
506 
507 　訪れた無言の間に、二人は満足げに茶を啜る。
508 
509 　そこにふと、ホノカが声を漏らした。
510 
511 
512 
513 
514 「花を咲かせる……それは、標」
515 
516 
517 
518 
519 
520 
521 
522 
523 　誰に聞かせるでもない、口から溢れたのだと分かる独り言だった。
524 
525 　皆の注目を集める中、手元の湯呑みに視線を落としたホノカは、自身の言葉にはっとしたように目を見開いて、
526 
527 
528 
529 
530 「花が結実の、ただ標なら……」
531 
532 「どうしたの？」
533 
534 「え――あっ、いえっ！」
535 
536 
537 
538 
539 　ユリナの呼びかけでようやく思索の世界から帰ってきたホノカは、先ほどまでの不機嫌さはどこへやら、隠しきれない喜びが頬を持ち上げていた。
540 
541 　嬉しさや楽しさよりも、それはわくわくとした興奮に近い。
542 
543 　そこに不敵さが滲むとあれば、ユリナはまた訊ね直さなければならなかった。
544 
545 
546 
547 
548 「な、何かあった？」
549 
550 「うふふー、後でご相談がありますっ！」
551 
552 「はぁ」
553 
554 
555 
556 
557 　隣でウツロが不安げにしているが、一方でホノカを煽っていたシスイは黙って愉快そうに見守っていた。
558 
559 　それを話の区切りと見たか、レンリがおずおずと手を挙げて、
560 
561 
562 
563 
564 「あのー、そういえば裏切りも――いえ、アキナさんはどうしたんですか？　最近は天音神社に居ると聞いていたんですが」
565 
566 
567 
568 
569 　対し、答えたのはウツロだった。
570 
571 
572 
573 
574 「瀧口に向かった。サリヤと話あるって」
575 
576 「なるほど……」
577 
578 
579 
580 
581 　ちらり、とレンリが窺うのは、同じく僅かに真剣味を帯びたシスイだ。
582 
583 　貿易港として名を馳せる地と異邦人のメガミの名が挙がれば、用向きに推測を立てるのはそう難しいことではない。
584 
585 
586 
587 
588 　危機を乗り越え、再び前に歩む桜降る代に、仲間は多いに越したことはない。
589 
590 　だが、前に歩むことはただ尊ばれるだけでなく、一歩間違えば誰かを置き去りにする行為なのだと、とある歴史は物語っていた。
591 
592 
593 
594 
595 
596 
597 
598 
599 
600 
601 
602 
603 
604 
605 
606 　羽織袴を着せた、凸凹とした中年男二人組。
607 
608 　馬子にも衣装と言わんばかりに外面をこれでもかと整えられた彼らは、向かい合った豪華なソファに体重をすっかり預けている。
609 
610 　瀧口と言えど、港からやや外れた閑静なこの一角では、窓から入ってくる喧騒も遠い。午睡を誘うような穏やかな昼下がりだった。
611 
612 
613 
614 
615 「そいや楢橋よぉ、てめぇなんか最近羽振りが良いじゃねえか」
616 
617 「あっ、わっかるー？　いやー、最近臨時収入があってさ。オレの美的感覚も捨てたもんじゃないってことかなー」
618 
619 「あ？　何言ってんだ。前もトコヨ様にガン無視されてた癖によ」
620 
621 「かーっ！　山ちゃんは分かんなかっただろうなー。あの冷ややかな目に宿った、オレっちへの熱い想いを！」
622 
623 「分かりたくもねえよ」
624 
625 
626 
627 
628 　大男のほうが、華美なティーカップを持ち手を窮屈そうに摘んで、琥珀色の茶を口にする。
629 
630 　すると、二人の居る小ぢんまりとした部屋のドアが、突如として開け放たれた。
631 
632 　現れた太った老人が、声を抑えながら怒鳴った。
633 
634 
635 
636 
637 「こら、貴様らまだくつろぎおって！　すぐ戻るから支度しとけと言っただろ！」
638 
639 「でも、こんなお茶菓子もう二度と食べられないかもしれないしー」
640 
641 「つべこべ言わずに行くぞ！　ちゃんと手土産は持ったか！？　食べ滓まみれの口を拭け！　この会談が、桜降る代の今後を左右するかもしれんのだぞ！」
642 
643 
644 
645 
646 　その黒紋付に収まらない腹を揺らして、老人は背後に控えていた案内人の女性にぺこぺこと頭を下げる。
647 
648 　三人の滑稽な男たちが案内されるのは、白桜色の煉瓦で組み上げられた真新しい館。大洋を東に越えた国の様式がふんだんに盛り込まれつつ、随所に桜の意匠が刻まれた、両国の架け橋となるべく作られた空間である。
649 
650 
651 
652 
653 　やがて彼らが案内されたのは、館の最奥に設けられた大扉。
654 
655 　その中から滲み出す緊張感に、扉の両脇に立つ衛兵すら顔を固くしていた。
656 
657 
658 
659 
660 「い、いいか？　貴様らは絶対黙っておれよ」
661 
662 「やっぱ、さっきの控室で待ってちゃダメ？」
663 
664 「と、途中で便所行くのはアリだろ？」
665 
666 
667 
668 
669 　ひそひそと弱音を吐く男たちに構わず、案内人が扉を押し開けた。
670 
671 　希望ある未来という橋へ繋がる、白亜の扉を。
