001 　外の陽気とは無縁の、識字に耐えるだけの薄暗さ。穴の少ない欄間の彫刻が通すか細い光だけが、室内を照らしている。
002 
003 　邸内の中心に存在する四方を部屋に囲まれたその暗がりは、彼らが影である自負の体現だった。だが、昨今の潮流は少しずつ彼らを陽の下へと押し上げている。別にある隠し区画は埃を被っているし、この部屋とてこれでも随分と明るくなっていた。
004 
005 
006 
007 
008 
009 
010 
011 
012 　秘密結社・碩星楼。龍ノ宮近郊に置かれた、その隠れ屋敷が一つ。
013 
014 　しかしこの現代において、正しく秘密結社という意味合いで、この屋敷を使う者はいなくなりつつある。
015 
016 　向かい合って文机に齧り付く二人の賢人も、例に漏れなかった。
017 
018 
019 
020 
021 「んー……少しいいですか？」
022 
023 
024 
025 
026 　若手の男が二枚の書類片手に、上役たる年配の傍へと移った。
027 
028 　そのうちの一枚を、男は苦笑いしながら差し出した。
029 
030 
031 
032 
033 「もう却下されてるからいいんですが、なんですかこれ」
034 
035 「んー……あぁ、これね。街道の拡張工事を、こんな数の奉土を跨いでやろうだなんて、いくら荒野って言ってもねえ。乗り物のための整備って名目だけど、荷車は十分牽けるから何かの間違いだろうって」
036 
037 「そんな大工事、根回しもなしにありえないですよね。……で、本当に気になったのはこっちですよ」
038 
039 
040 
041 
042 　双方が眼鏡をかけ直して、二枚目の書類を眺める。
043 
044 　それは、龍ノ宮に構えられた天龍決闘場の運営母体、銭金商会名義の予算申請書だ。天龍決闘場の敷地拡大並びに建物の建設という建付けで、龍ノ宮連合との折半を暗に打診するものだった。
045 
046 　長らく連合に潜り込んでいる彼らには、役人という表の顔にも反さないよう、その内容を吟味する義務があった。
047 
048 
049 
050 
051 「この規模、やっぱり……」
052 
053 「はいはい。これは、協議がまだ済んでないうちにねじ込まれてきたやつだよ。雷閣決闘場と話がつくまで保留中……つまりは青雲さん待ちだから、別にまとめておいておくれ」
054 
055 
056 
057 
058 　飄々と答えてから、苦笑いと共に肩を竦める上役の男。
059 
060 　若手は眉をひそめて、
061 
062 
063 
064 
065 「そうではなく……いや、それも含めてなんですが」
066 
067 「ふふ、なんだい？」
068 
069 「第二回天音杯の噂、本当だったんですか？」
070 
071 
072 
073 
074 　直接訊ね直した彼に、上役は悪戯めいた笑いを浮かべ、「ああ」と端的に肯定した。
075 
076 　座り仕事の身にしては逞しい男の桜輝く手に、力が籠もる。
077 
078 　高揚が、口角を吊り上げる。
079 
080 
081 
082 
083 「やっぱり……！」
084 
085 「選手として熱を上げる君のことだからね、そういう反応をするだろうと思ってたよ。私は裏方で出られないだろうから、私の分まで頑張ってくれたまえ」
086 
087 「はいッ！　……あ」
088 
089 
090 
091 
092 　威勢のよい返事をして、ここが一応隠し部屋であることを思い出して彼は口を塞いだ。
093 
094 　わざとらしく困った顔を見せた上役が、諌めるように肩を叩く。
095 
096 
097 
098 
099 「上手く事が運んでも、開催は来年だ。今から気炎を吐くものではないよ」
100 
101 「す、すみません……」
102 
103 「それに、だ。碩星楼の立場も忘れてはいけない」
104 
105 
106 
107 
108 　すっ、と上役の目が細められた。
109 
110 　催事とは、ただ人々が楽しむだけのものではない。興すために人や金が動き、意義によって民意が導かれ、成果を受けて可能性が拓かれる。規模が大きくなればなるほど、知により成される政への影響は計り知れない。
111 
112 　故にこそ、彼らは蚊帳の外でいてはならない。
113 
114 
115 
116 
117 「あくまでも聞いた話だがね？　今度の祭も天音杯の名を冠する上、ユリナ様も情熱的に動いておられるようだけど、どうも発起人はホノカなのだそうだ」
118 
119 「ホノカが……？　もしかして、桜花拝の派閥争いへ一石を投じるためだと？　確かにヲウカ帰還以来、何かと噂が絶えない状況ではありますけど……」
120 
121 
122 
123 
124 　一気に渋面を作る男。
125 
126 　それに上役は顎をさすりながら、
127 
128 
129 
130 
131 「これが、戦いの疲れが残る桜降る代を盛り上げるための祭なのは間違いない。でも、桜花拝を忙しくしておく意図がないとは言えないだろうねえ」
132 
133 「時間を作るため、ですか」
134 
135 「ま、それでなくとも、瀧口の会談以来、ファラ・ファルード方面も万事穏やかとは言い難いんだ。あの二柱に睨み合ったままでいてもらうのは悪くはない。我々には、仕事が山積みなんだからね」
136 
137 
138 
139 
140 　ひらひらと、精査の途中だったであろう書類を上役は宙に泳がせる。
141 
142 　口をへの字に曲げて唸った男は、すごすごと自分の机に戻り、目を通されるのを待っている大量の書類の山をひとまず綺麗に整え直した。
143 
144 　決闘場関連の書類を脇に逃がし、次の決裁待ちの書面に筆を向ける。
145 
146 
147 
148 
149 　しかし、その筆先はしばらく宙で止まったままだった。目が動いているわけでもなければ、まだまだ残っている仕事に気力が奪われている様子でもない。
150 
151 　彼の表情は、強いて言えば浮かないと言い表せられよう。
152 
153 　それも、捩れた思索の横道にふと迷い込んでしまったような。
154 
155 
156 
157 
158 「……あっ」
159 
160 
161 
162 
163 　墨汁がぽたりと垂れ、生まれた染みに我に返った。
164 
165 　慌てて集中し直す彼の背後を、斜陽に焼け始めたか細い光が静かに照らす。
166 
167 
168 
169 
170 　その光を淡く浴びた一冊の書が、風もないのにひらりとめくられる。
171 
172 　記された文字が、どうしてか夕日とは違う光を伴って、揺らいだように見えた。
173 
174 
175 
176 
177 
178 
179 
180 
181 
182 
183 
184 
185 
186 　暗闇に閉じ込められたかのようでいて、広漠たる隔たりのなさを感じさせる黒の静寂。
187 
188 　その中で一人、思案を続ける女が居た。メガミ・シンラである。
189 
190 
191 
192 
193 「ふむ……」
194 
195 
196 
197 
198 　彼女は息継ぎをするように呟き、渦巻く思考を言葉に整えた。
199 
200 
201 
202 
203 「これは望ましい流れではある……一方で、劇薬ともなる」
204 
205 
206 
207 
208 　眼前に浮かべた書の紙面に文字が躍る。先ほどまでの賢人たちの会話が、一言一句漏らさず記されている。
209 
210 　それは、人間の視座、その代表だった。
211 
212 　シンラは、彼らの考えが間違っているとは思っていなかった。事実、まだ関係者の中だけとはいえ桜降る代には祭の気配が漂い、これから順調に広がっていくだろう。腫れ物のような派閥争いは、一時的にでも捨て置かれている。
213 
214 
215 
216 
217 　だがしかし、思い至るべきはそれだけではない。
218 
219 　そして、思慮をより進めるべきなのは人間たちだけではない。
220 
221 
222 
223 
224 「あの小娘たちとて、まだはっきりとは分かっていないはず」
225 
226 
227 
228 
229 　続けて、シンラは一人自嘲の苦笑いを零した。
230 
231 
232 
233 
234 「私も、それを望む筆頭のはずなのですけど」
235 
236 
237 
238 
239 　議論の場では謙遜と取られて否定を尽くされてしまうが、ここではその限りではない。シンラと先入観抜きで議論してくれる者は、賢人の中でも一握りだった。
240 
241 　シンラは決して完璧ではない。同様に、渦中に置かれた『小娘たち』もまた完璧ではない。彼女たちの前身がそうだったように。
242 
243 
244 
245 
246 　これからきっと、彼女たちは視座の違いによって反目し合うことになるだろう。
247 
248 　反目そのものは、シンラにとって喜ばしいものである。仲間割れにほくそ笑むというより、意見を戦わせより良い選択肢を模索するのなら、まさしくシンラの好むところだからだ。自分を絶対と思い込んでいた王の時代に比べれば、遥かに健全なのだから。
249 
250 
251 
252 
253 「ですが……」
254 
255 
256 
257 
258 　宙に浮かんだ書が巻き取られた。
259 
260 　瞳を閉ざし、黙したシンラは、やがて遠き彼方を仰ぎ見た。
261 
262 　ぽつりと、願うように呟く。
263 
264 
265 
266 
267 「人は鈴を、捨てられるのでしょうか」
268 
269 
270 
271 
272 
273 
274 
275 
276 
277 
278 
279 
280 
281 
282 
283 
284 
285 　一歩一歩、踏みしめる。
286 
287 　大地に足跡を刻むその男の旅装はくたびれ始めていて、口元に広がる無精髭がこれまでの歩みを悟らせる。理性的な眼差しを覆う眼鏡には薄く砂埃が積もり、しかし拭う時間も惜しいとばかりに放っておかれていた。
288 
289 
290 
291 
292 　若き碩星楼の賢人。南天に輝く太陽に照らされる彼の姿は、屋敷で書類相手に奮闘していたときとは異なっていた。
293 
294 　人を使い大局を俯瞰する彼らが自ら足を動かす時は限られる。
295 
296 　己の目で見、手ずから状況を動かすとき。
297 
298 　あるいは、賢人の名を横に置いたとき。
299 
300 　今、男の双眸が帯びているのは、使命ではなかった。
301 
302 
303 
304 
305 「あぁ……」
306 
307 
308 
309 
310 　ゆっくりと、その一歩一歩が短く刻まれる。
311 
312 　彼の前にあるのは、名もなき――否、名もなかった一本の神座桜だ。
313 
314 
315 
316 
317 　ここは、二人の英雄が出立した地。
318 
319 　大きくも小さくもない、凛々しくも儚くもない、けれど満開の神座桜が咲く場所。
320 
321 　しかし、かの戦いを経た今、景色は変わっていた。
322 
323 
324 
325 
326 　冷たい黄緑色をした、花が咲いている。桜に寄り添うように、あるいは桜そのものも幹をくねらせて応えるように、ひときわ大きな徒寄花が巻き付いて、共に咲いていた。
327 
328 　桜降る代に現れた、共存する三組の花は、故にこう呼ばれている。
329 
330 　糾える桜たち、と。
331 
332 
333 
334 
335 「大きいな……」
336 
337 
338 
339 
340 　男は、資料と違う見た目になった桜の前に立った。彼がそう感じられたのは、徒寄花との変容のためと言えたが、桜が実際に育まれているという、影見の五英雄による提言も脳裏に過っていた。
341 
342 　彼は周囲を、特に背後を確認して誰も居ないことを認めると、深呼吸して姿勢を正した。それからじっと徒寄花の蔦を見つめていたが、気を取り直すように眼鏡を磨いて、曇りのなくなった視界で改めて連なる骸晶と向き合った。
343 
344 
345 
346 
347 　恐る恐る、大きく咲いた一輪の花弁に手を触れる。
348 
349 　まるで硝子のように硬い感触に少し驚いて、しかし彼は幾ばくかの迷いの果てに、花弁を掴み直した。
350 
351 　そして、意を決したように語りかける。
352 
353 
354 
355 
356 「徒神よ……イニル・マヒルよ。どうか応じてもらえないでしょうか。私の願いを、聞き届けていただけませんか？」
357 
358 
359 
360 
361 　人の気配のない場所で、その言葉は本来風に攫われて消えるはずだった。
362 
363 　だが、反応はすぐだった。
364 
365 　蔦から無尽蔵に湧いた黄緑色の花弁が、散っては男の傍で木枯らしのように渦巻いた。薄い硝子が無数にぶつかり合う甲高い音の輪唱は、やがて光の繭となり、中から少女の白い手が現れる。
366 
367 
368 
369 
370 「あいつの目を通して、見てはいたけど――」
371 
372 
373 
374 
375 　そうして光が晴れたその中に、その姿はあった。
376 
377 　イニル・マヒル。桜降る代を滅ぼさんとした徒神。
378 
379 　宙に顕現した彼女は、眉根を寄せて男を見下ろした。
380 
381 
382 
383 
384 「その『願い』、信じがたいわ」
385 
386 
387 
388 
389 　冷ややかな困惑が突きつけられる。殺気や害意の類は含まれていないにしろ、多くの犠牲を出した騒乱の首謀者から向けられて、気持ちの良い類の眼差しではなかった。
390 
391 　けれど男は、拳を握りしめた。
392 
393 　恐怖を振り払うためではなく、ここに至った意思を再び固めるために。
394 
395 
396 
397 
398 　そして告げる。
399 
400 　甲に桜花結晶の輝く、その握りこぶしを差し出して。
401 
402 
403 
404 
405 「でしたら、直接お聞きください。私は、この手に貴女のお力を宿したい。その許しのために参りました」
406 
407 
408 
409 
410 　これこそは、正しく請願だった。メガミの恩寵を得るために、この男のみならず、この地のミコトたちが行ってきた、メガミへの請願であった。
411 
412 　日常でこそないものの、普遍的な桜降る代の一幕。
413 
414 　その相手が、徒神でさえなければ。
415 
416 
417 
418 
419 　真っ直ぐに宣言されたマヒルは、溜め息にも似た長い息をついた。気丈な声色に反して、その瞳は何かを決めあぐねているように揺らぎ続けている。
420 
421 　その不安定さの中から、呟きが零れ落ちた。
422 
423 
424 
425 
426 「そういえば、あの子が言ってたっけ……。メガミとして在ろうとして、メガミとして受け入れられたのなら、メガミなんだ、って」
427 
428 「え？」
429 
430 「ふーん……本当にそうなったんだったら、別にいいわ」
431 
432 
433 
434 
435 　男になんら補足する素振りもなく、マヒルは自己完結的にあっけなく受け入れた。身構えていた男にとっては肩透かしだったようで、いっそ不安が顔に滲んでいた。
436 
437 　ただ、彼の不安を裏付けるように、じっくりと瞳を閉じたマヒルは、まるで心の中に途方もなく渦巻くものに、今この時は蓋をしたかのようだった。
438 
439 　そうやって、請願が続く。
440 
441 
442 
443 
444 「それならメガミとして訊くわ。何のために、あたしを宿すの？」
445 
446 
447 
448 
449 　細く開いた瞼から、惑いを伝播させるように囁く。
450 
451 
452 
453 
454 「力のため？」
455 
456 「……はい」
457 
458 
459 
460 
461 　男の返答は、偽っている声色ではなかった。だが、マヒルにあてられたかのように、揺らいだ声であることもまた事実だった。
462 
463 
464 　思うところを告げよと促すマヒルの目に導かれ、彼は語る。
465 
466 
467 
468 
469 「勝ちたい……次の大舞台で、己を示したい……そのために、新しい力が欲しいのです。あの人にはそう相談しましたが、決して建前などではありません。でも……」
470 
471 「でも？」
472 
473 「それだけが貴女を訪ねた理由ではないと、予感……してもいます」
474 
475 
476 
477 
478 　その歯切れの悪さは、碩星楼の賢人らしくはなかった。ここに至る旅路の中でも上手く整理しきれなかった想いを、心の奥底から少しずつ引きずり出しているようだった。
479 
480 　強い決意や覚悟を奏上する普通の請願からすると異質。
481 
482 　しかし、それを受け止めるだけの場が、マヒルの前にはあった。
483 
484 
485 
486 
487 「この桜降る代は、揺らぎ始めています。六英雄のときのような……その、破滅との戦いではありませんが、しかしそうでないからこそ、これからより一層揺れ動くのだと、そう予感しています」
488 
489 「…………」
490 
491 「何故、こう考えているのか分かりません。ですが、他人の視座から与えられた答えでは、納得できない……。それが全てだとは、私には思えない……！」
492 
493 
494 
495 
496 　途中からそれは、独り言のようですらあった。マヒルという鏡に映った自分と対話しているかのようだった。
497 
498 　けれどその吐露は、この世を理で読み解くはずの彼にあって、混沌そのものを受け入れたが故の言葉でもあった。マヒルから伝播した惑いが、男の当惑を内側から押し広げて口から吐き出させていた。
499 
500 
501 
502 
503 　意図したものか否か、それでもマヒルは瞳を閉じて耳を傾けている。
504 
505 　あるいは、促している。
506 
507 　それこそを、望むように。
508 
509 
510 
511 
512 「惑う己を、心に置いて」
513 
514 
515 
516 
517 　静かに囁くそれは、男への肯定。
518 
519 　だからこそ、男の言葉は止まらない。
520 
521 
522 
523 
524 「分からない、それが何なのか分からないんです。新たな天秤に、どんなイシを積み上げればいいのかすら。だけど、だけど――」
525 
526 
527 
528 
529 　溢れ出る思考が口をついて出る。
530 
531 　それを支えるように、マヒルは囁くことをやめない。
532 
533 
534 
535 
536 「渦巻く混沌を、力に変えられるように」
537 
538 
539 
540 
541 　そうして男は、目をはっきりと見開いた。
542 
543 　マヒルを見上げ、一つに集約された想いが、ぽつりと溢れだす。
544 
545 
546 
547 
548 「――それでも今、意志を告げるために、強く生きたい」
549 
550 
551 
552 
553 　そうしてマヒルも、瞳を露わにした。
554 
555 　真っ直ぐなその瞳が、男を見下ろす。
556 
557 　告げられるは、人に請われた一柱による裁可。
558 
559 
560 
561 
562 「あたしはイニル・マヒル。現在を司る徒神。その象徴は――当惑と、決断」
563 
564 
565 
566 
567 　人間と徒神の瞳が、重なった。
568 
569 
570 
571 
572 「その請願に応え、あなたの惑いとなりましょう」
573 
574 
575 
576 
577 
578 
579 
580 
581 
582 
583 
584 
585 
586 
587 
588 
589 
590 　夕暮れは紫紺に滲み、歪んだ光は空気に澱を揺蕩わせる。
591 
592 　桜降る代某所、糾える神座桜が一つ。
593 
594 　惑える者たちとは別の対峙が、山々を越えた先にあった。
595 
596 
597 
598 
599 　すっぽりと頭まで覆う外套に身を包んだ、一人のミコト。
600 
601 　そしてミコトが見上げる、一人の女――イニル・イヌル。
602 
603 　イヌルがその酷く澱んだ瞳を開くと、ミコトは半歩後ずさった。己の意思を告げた余韻すら蝕む、畏れがそうさせていた。イヌルの瞳は美麗な工芸品のようでいて、だからこそ正視に耐えなかった。
604 
605 
606 
607 
608 　だが、ミコトは逃げ出さなかった。
609 
610 　足の震えが止まらずとも、そこで留まった。
611 
612 　耐え難きを耐え、眦を閉ざすことなく。
613 
614 　故にこそ、イヌルは言葉を紡いだ。
615 
616 
617 
618 
619 「悔やみ恨みを呪ってなお」
620 
621 
622 
623 
624 　言葉は皮下にのたうつ蚯蚓のように。
625 
626 　けれど、請う者は膝をつかず。
627 
628 
629 
630 
631 「その慚愧を、刻印とするのならば」
632 
633 
634 
635 
636 　言霊がやがて文様となりて、永劫に刻まれるように。
637 
638 　あるいは、人が自らに刻むように。
639 
640 
641 
642 
643 「私はイニル・イヌル。過去を司る徒神。その象徴は――悔恨と、覚悟」
644 
645 
646 
647 
648 　人間と徒神の瞳がまた、重なった。
649 
650 
651 
652 
653 「その請願に応え、あなたの悔やみとなりましょう」
654 
655 
656 
657 
658 
659 
660 
661 
662 
663 
664 
665 
666 
667 
668 
669 
670 
671 　蒼白な月が沈みゆく中で、星も少なに虚しき余白の空が白み始める。
672 
673 　三度、糾える神座桜が一つ。
674 
675 　ここにもまた、対峙があった。
676 
677 
678 
679 
680 　桜の膝下に蹲るのは、乱れた髪に顔を覆われた一人のミコト。
681 
682 　その丸まった背にふわりと浮かぶ、一人の幼子――イニル・アクル。
683 
684 　ミコトの手の震えは厚手の旅装では慰めることも叶わないが、もう一方の手が押さえ、抗い、堪えているのは確かだった。しかし弧を描くアクルの唇は残酷で、けれど甘く、しかし何れにせよ悪辣に耳元で囁いた。
685 
686 
687 
688 
689 　だが、ミコトは顔を上げた。
690 
691 　一際にうなだれてもなお、薄れゆく星々を再び直視した。
692 
693 　認め難きを認め、虚しい否定に逃げることなく。
694 
695 　故にこそ、アクルはミコトと正対し、言葉を紡ぐ。
696 
697 
698 
699 
700 「憧れに焦がれて爛れながら」
701 
702 
703 
704 
705 　白い地平線から、空々しい眩しさが照り付ける。
706 
707 　けれど、願う者は見上げたまま。
708 
709 
710 
711 
712 「甘い影絵を、優しく撫でるのならば」
713 
714 
715 
716 
717 　桜と幼子は影を描く。
718 
719 　人はそれを受け入れて、なお立ち上がった。
720 
721 
722 
723 
724 「わたしはイニル・アクル。未来を司る徒神。その象徴は――諦観と、挑戦」
725 
726 
727 
728 
729 　人間と徒神の瞳がまた、重なった。
730 
731 
732 
733 
734 「その請願に応え、あなたの諦めとなりましょう」
735 
736 
737 
738 
739 
740 
741 
742 
743 
744 
745 
746 
747 
748 
749 
750 
751 
752 
753 
754 
755 
756 
757 
758 
759 
760 
761 
762 
763 
764 
765 
766 
767 
768 
769 
770 
771 
772 
773 
774 
775 
776 
777 
778 
779 
780 　膨大な光輝を束ねた絶壁を前に、カナヱは一人揺蕩う。
781 
782 　可能性の大樹の根の傍まで足を伸ばし、見上げるは無限に紡がれた人々の営み。カナヱとて初めて目の当たりにするその果てしなさに、感慨が満ちる。
783 
784 　そのままゆらゆらと、『上』へと浮かんでいく。
785 
786 　歴史書を、一項ずつめくるように。
787 
788 
789 
790 
791 
792 
793 
794 
795 
796 
797 
798 
799 [b]こうして、神座桜の縁起は幕を降ろしゆく。
800 
801 
802 
803 
804 遥か旧き花無き時代、人は茫洋なる星空を恐れ、
805 
806 預言者たちは花を宿した。
807 
808 
809 
810 
811 陽炎揺らめく戦国の時代、誰もが命運を見出し、
812 
813 霧の向こうでこそ、大樹は育まれた。
814 
815 
816 
817 
818 陰謀渦巻く桜花の時代、人と神は天秤に向き合い、
819 
820 共に不完全だからこそ、意志の術を得た。
821 
822 
823 
824 
825 意志ひしめく狭間の時代、威光翳る蝕の中でこそ
826 
827 英雄たちはただ英雄であった。
828 
829 
830 
831 
832 全盛を紡いだ三盟の時代、一時の蝕が終わり、
833 
834 旧き祝詞が掠れてこそ、次の道は輝いた。
835 
836 
837 
838 
839 これで神座桜の縁起は終わり。
840 
841 しかし縁起が、終わったとしても。
842 
843 いや、『神座桜の』縁起が終わったからこそ。[/b]
844 
845 
846 
847 
848 
849 
850 
851 
852 
853 
854 
855 
856 　やがて、カナヱの視界に天上の空白が映り、頂点へ――現在へと戻ってきた。
857 
858 　そこに、真っ直ぐな枝先はない。あるのは、うねりだった。
859 
860 　侵攻を強かに生き残った幹が、渦を巻いている。そこに絡みつくのは骸晶の如き蔦。寄り集まった蔦は逞しい枝と化し、光輝なる可能性を喰らうことなく、並び立つようにして渦を描いていた。
861 
862 
863 
864 
865 　そして、どちらも渦を成したまま、共に伸び続けている。
866 
867 　どこへ伸びるかも分からない。
868 
869 　どこを目指すかも分からない。
870 
871 　形を変えたこの大樹の行く末は、誰が決められるものでもない。
872 
873 　それでも、いや、だからこそ。
874 
875 
876 
877 
878 
879 
880 
881 
882 
883 
884 
885 
886 　[b]桜降る代は、続いていく。
887 
888 　そうして、始まろうというのだろう。
889 
890 
891 
892 
893 　――糾える時代が。[/b]
894 
895 
896 
897 
898 
899 
900 
901 
902 
903 
904 
905 
906 
907 
908 
909 
910 
911 
912 
913 
914 
915 
916 
917 
918 
919 
920 
